generation,fitness
10889.0,16
10890.0,17
10891.0,12
10892.0,21
10893.0,14
10894.0,17
10895.0,14
10896.0,18
10897.0,18
10898.0,20
10899.0,22
10900.0,17
10901.0,20
10902.0,24
10903.0,15
10904.0,10
10905.0,13
10906.0,11
10907.0,15
10908.0,26
10909.0,14
10910.0,12
10911.0,13
10912.0,15
10913.0,12
10914.0,18
10915.0,13
10916.0,15
10917.0,20
10918.0,16
10919.0,21
10920.0,12
10921.0,16
10922.0,16
10923.0,13
10924.0,12
10925.0,13
10926.0,13
10927.0,18
10928.0,20
10929.0,10
10930.0,20
10931.0,20
10932.0,16
10933.0,15
10934.0,17
10935.0,12
10936.0,17
10937.0,17
10938.0,19
10939.0,19
10940.0,18
10941.0,19
10942.0,15
10943.0,21
10944.0,11
10945.0,13
10946.0,11
10947.0,20
10948.0,16
10949.0,18
10950.0,11
10951.0,16
10952.0,15
10953.0,16
10954.0,19
10955.0,13
10956.0,15
10957.0,19
10958.0,17
10959.0,12
10960.0,17
10961.0,16
10962.0,18
10963.0,18
10964.0,15
10965.0,32
10966.0,19
10967.0,13
10968.0,15
10969.0,20
10970.0,19
10971.0,14
10972.0,19
10973.0,27
10974.0,20
10975.0,23
10976.0,16
10977.0,14
10978.0,12
10979.0,17
10980.0,15
10981.0,13
10982.0,14
10983.0,15
10984.0,16
10985.0,12
10986.0,17
10987.0,12
10988.0,18
10989.0,15
10990.0,17
10991.0,14
10992.0,19
10993.0,21
10994.0,14
10995.0,13
10996.0,13
10997.0,15
10998.0,13
10999.0,15
11000.0,13
11001.0,13
11002.0,14
11003.0,12
11004.0,14
11005.0,13
11006.0,13
11007.0,20
11008.0,18
11009.0,21
11010.0,22
11011.0,14
11012.0,19
11013.0,17
11014.0,21
11015.0,14
11016.0,17
11017.0,22
11018.0,13
11019.0,18
11020.0,21
11021.0,18
11022.0,16
11023.0,18
11024.0,18
11025.0,18
11026.0,13
11027.0,20
11028.0,13
11029.0,16
11030.0,13
11031.0,18
11032.0,16
11033.0,13
11034.0,23
11035.0,24
11036.0,27
11037.0,18
11038.0,14
11039.0,19
11040.0,19
11041.0,12
11042.0,15
11043.0,22
11044.0,21
11045.0,16
11046.0,17
11047.0,13
11048.0,26
11049.0,15
11050.0,12
11051.0,12
11052.0,11
11053.0,12
11054.0,18
11055.0,14
11056.0,23
11057.0,22
11058.0,20
11059.0,18
11060.0,23
11061.0,19
11062.0,17
11063.0,15
11064.0,12
11065.0,17
11066.0,20
11067.0,14
11068.0,17
11069.0,15
11070.0,18
11071.0,17
11072.0,15
11073.0,20
11074.0,14
11075.0,17
11076.0,14
11077.0,18
11078.0,11
11079.0,13
11080.0,19
11081.0,15
11082.0,21
11083.0,14
11084.0,12
11085.0,14
11086.0,14
11087.0,19
11088.0,13
11089.0,17
11090.0,13
11091.0,14
11092.0,17
11093.0,16
11094.0,19
11095.0,18
11096.0,18
11097.0,14
11098.0,14
11099.0,19
11100.0,15
11101.0,18
11102.0,17
11103.0,17
11104.0,17
11105.0,13
11106.0,14
11107.0,19
11108.0,14
11109.0,20
11110.0,13
11111.0,18
11112.0,14
11113.0,12
11114.0,13
11115.0,19
11116.0,14
11117.0,14
11118.0,20
11119.0,11
11120.0,13
11121.0,17
11122.0,20
11123.0,14
11124.0,18
11125.0,19
11126.0,20
11127.0,14
11128.0,19
11129.0,18
11130.0,16
11131.0,12
11132.0,16
11133.0,20
11134.0,15
11135.0,22
11136.0,17
11137.0,16
11138.0,22
11139.0,23
11140.0,12
11141.0,19
11142.0,15
11143.0,18
11144.0,15
11145.0,19
11146.0,16
11147.0,15
11148.0,16
11149.0,14
11150.0,16
11151.0,17
11152.0,15
11153.0,19
11154.0,16
11155.0,15
11156.0,14
11157.0,13
11158.0,11
11159.0,21
11160.0,14
11161.0,14
11162.0,16
11163.0,18
11164.0,16
11165.0,14
11166.0,16
11167.0,19
11168.0,19
11169.0,14
11170.0,20
11171.0,18
11172.0,19
11173.0,21
11174.0,20
11175.0,18
11176.0,15
11177.0,15
11178.0,22
11179.0,15
11180.0,17
11181.0,19
11182.0,20
11183.0,16
11184.0,16
11185.0,19
11186.0,11
11187.0,20
11188.0,13
11189.0,14
11190.0,16
11191.0,16
11192.0,18
11193.0,19
11194.0,14
11195.0,14
11196.0,15
11197.0,24
11198.0,15
11199.0,22
11200.0,20
11201.0,11
11202.0,16
11203.0,17
11204.0,14
11205.0,14
11206.0,14
11207.0,14
11208.0,15
11209.0,20
11210.0,16
11211.0,16
11212.0,18
11213.0,22
11214.0,13
11215.0,18
11216.0,12
11217.0,15
11218.0,15
11219.0,12
11220.0,18
11221.0,14
11222.0,16
11223.0,18
11224.0,16
11225.0,20
11226.0,19
11227.0,11
11228.0,20
11229.0,14
11230.0,21
11231.0,13
11232.0,16
11233.0,14
11234.0,18
11235.0,14
11236.0,18
11237.0,15
11238.0,16
11239.0,17
11240.0,18
11241.0,17
11242.0,13
11243.0,16
11244.0,19
11245.0,13
11246.0,16
11247.0,18
11248.0,19
11249.0,15
11250.0,22
11251.0,18
11252.0,20
11253.0,15
11254.0,16
11255.0,16
11256.0,15
11257.0,13
11258.0,12
11259.0,16
11260.0,18
11261.0,17
11262.0,20
11263.0,17
11264.0,14
11265.0,17
11266.0,14
11267.0,20
11268.0,13
11269.0,19
11270.0,11
11271.0,20
11272.0,12
11273.0,14
11274.0,13
11275.0,21
11276.0,17
11277.0,12
11278.0,12
11279.0,17
11280.0,15
11281.0,21
11282.0,13
11283.0,20
11284.0,21
11285.0,18
11286.0,18
11287.0,12
11288.0,16
11289.0,17
11290.0,13
11291.0,23
11292.0,11
11293.0,19
11294.0,25
11295.0,16
11296.0,13
11297.0,14
11298.0,16
11299.0,15
11300.0,11
11301.0,19
11302.0,18
11303.0,14
11304.0,17
11305.0,16
11306.0,16
11307.0,20
11308.0,22
11309.0,17
11310.0,15
11311.0,19
11312.0,19
11313.0,14
11314.0,13
11315.0,22
11316.0,14
11317.0,18
11318.0,15
11319.0,18
11320.0,26
11321.0,24
11322.0,25
11323.0,14
11324.0,17
11325.0,16
11326.0,16
11327.0,19
11328.0,18
11329.0,11
11330.0,15
11331.0,15
11332.0,15
11333.0,16
11334.0,16
11335.0,19
11336.0,21
11337.0,15
11338.0,10
11339.0,19
11340.0,16
11341.0,16
11342.0,13
11343.0,13
11344.0,10
11345.0,17
11346.0,13
11347.0,19
11348.0,15
11349.0,22
11350.0,12
11351.0,15
11352.0,13
11353.0,16
11354.0,15
11355.0,13
11356.0,21
11357.0,18
11358.0,16
11359.0,13
11360.0,12
11361.0,20
11362.0,20
11363.0,13
11364.0,14
11365.0,18
11366.0,21
11367.0,18
11368.0,11
11369.0,18
11370.0,15
11371.0,16
11372.0,15
11373.0,18
11374.0,8
11375.0,15
11376.0,19
11377.0,11
11378.0,15
11379.0,11
11380.0,16
11381.0,20
11382.0,15
11383.0,14
11384.0,20
11385.0,15
11386.0,12
11387.0,21
11388.0,21
11389.0,14
11390.0,18
11391.0,14
11392.0,22
11393.0,15
11394.0,14
11395.0,15
11396.0,14
11397.0,16
11398.0,12
11399.0,21
11400.0,18
11401.0,22
11402.0,17
11403.0,22
11404.0,16
11405.0,19
11406.0,14
11407.0,14
11408.0,24
11409.0,16
11410.0,11
11411.0,15
11412.0,20
11413.0,14
11414.0,19
11415.0,18
11416.0,20
11417.0,16
11418.0,14
11419.0,16
11420.0,20
11421.0,24
11422.0,17
11423.0,14
11424.0,11
11425.0,14
11426.0,13
11427.0,15
11428.0,18
11429.0,13
11430.0,16
11431.0,16
11432.0,15
11433.0,16
11434.0,16
11435.0,16
11436.0,13
11437.0,15
11438.0,14
11439.0,17
11440.0,13
11441.0,15
11442.0,13
11443.0,19
11444.0,16
11445.0,15
11446.0,12
11447.0,15
11448.0,15
11449.0,16
11450.0,22
11451.0,22
11452.0,16
11453.0,21
11454.0,14
11455.0,13
11456.0,17
11457.0,14
11458.0,20
11459.0,13
11460.0,15
11461.0,16
11462.0,15
11463.0,14
11464.0,14
11465.0,20
11466.0,16
11467.0,18
11468.0,12
11469.0,13
11470.0,18
11471.0,16
11472.0,18
11473.0,18
11474.0,24
11475.0,15
11476.0,21
11477.0,15
11478.0,16
11479.0,13
11480.0,18
11481.0,15
11482.0,18
11483.0,19
11484.0,15
11485.0,12
11486.0,19
11487.0,13
11488.0,18
11489.0,19
11490.0,14
11491.0,18
11492.0,18
11493.0,12
11494.0,23
11495.0,19
11496.0,16
11497.0,17
11498.0,18
11499.0,17
11500.0,20
11501.0,14
11502.0,12
11503.0,24
11504.0,10
11505.0,18
11506.0,14
11507.0,18
11508.0,14
11509.0,17
11510.0,16
11511.0,12
11512.0,22
11513.0,13
11514.0,15
11515.0,16
11516.0,19
11517.0,14
11518.0,17
11519.0,17
11520.0,23
11521.0,18
11522.0,15
11523.0,14
11524.0,13
11525.0,16
11526.0,19
11527.0,19
11528.0,16
11529.0,14
11530.0,16
11531.0,14
11532.0,17
11533.0,16
11534.0,16
11535.0,18
11536.0,15
11537.0,20
11538.0,15
11539.0,14
11540.0,20
11541.0,18
11542.0,12
11543.0,18
11544.0,14
11545.0,16
11546.0,18
11547.0,13
11548.0,18
11549.0,13
11550.0,16
11551.0,16
11552.0,19
11553.0,15
11554.0,15
11555.0,12
11556.0,16
11557.0,15
11558.0,20
11559.0,15
11560.0,13
11561.0,12
11562.0,13
11563.0,14
11564.0,13
11565.0,13
11566.0,17
11567.0,16
11568.0,15
11569.0,14
11570.0,14
11571.0,17
11572.0,15
11573.0,15
11574.0,11
11575.0,13
11576.0,15
11577.0,13
11578.0,18
11579.0,16
11580.0,12
11581.0,21
11582.0,20
11583.0,15
11584.0,18
11585.0,17
11586.0,12
11587.0,16
11588.0,19
11589.0,18
11590.0,15
11591.0,14
11592.0,11
11593.0,18
11594.0,18
11595.0,13
11596.0,15
11597.0,20
11598.0,18
11599.0,17
11600.0,18
11601.0,11
11602.0,16
11603.0,19
11604.0,16
11605.0,13
11606.0,21
11607.0,16
11608.0,12
11609.0,13
11610.0,16
11611.0,15
11612.0,18
11613.0,16
11614.0,10
11615.0,12
11616.0,15
11617.0,19
11618.0,15
11619.0,14
11620.0,12
11621.0,19
11622.0,18
11623.0,21
11624.0,20
11625.0,14
11626.0,16
11627.0,19
11628.0,13
11629.0,13
11630.0,19
11631.0,14
11632.0,15
11633.0,17
11634.0,16
11635.0,14
11636.0,14
11637.0,20
11638.0,25
11639.0,15
11640.0,14
11641.0,19
11642.0,15
11643.0,16
11644.0,19
11645.0,15
11646.0,19
11647.0,18
11648.0,15
11649.0,13
11650.0,17
11651.0,18
11652.0,17
11653.0,15
11654.0,14
11655.0,13
11656.0,13
11657.0,21
11658.0,13
11659.0,14
11660.0,19
11661.0,20
11662.0,17
11663.0,22
11664.0,20
11665.0,20
11666.0,14
11667.0,15
11668.0,17
11669.0,21
11670.0,22
11671.0,18
11672.0,15
11673.0,15
11674.0,17
11675.0,17
11676.0,15
11677.0,16
11678.0,14
11679.0,22
11680.0,15
11681.0,18
11682.0,16
11683.0,21
11684.0,15
11685.0,15
11686.0,16
11687.0,22
11688.0,23
11689.0,15
11690.0,19
11691.0,17
11692.0,17
11693.0,14
11694.0,22
11695.0,16
11696.0,19
11697.0,13
11698.0,14
11699.0,21
11700.0,17
11701.0,12
11702.0,12
11703.0,15
11704.0,22
11705.0,17
11706.0,12
11707.0,15
11708.0,20
11709.0,13
11710.0,13
11711.0,15
11712.0,14
11713.0,21
11714.0,17
11715.0,19
11716.0,17
11717.0,16
11718.0,22
11719.0,12
11720.0,14
11721.0,14
11722.0,14
11723.0,13
11724.0,16
11725.0,17
11726.0,18
11727.0,15
11728.0,17
11729.0,14
11730.0,23
11731.0,16
11732.0,18
11733.0,12
11734.0,19
11735.0,11
11736.0,13
11737.0,17
11738.0,15
11739.0,15
11740.0,17
11741.0,16
11742.0,12
11743.0,13
11744.0,14
11745.0,17
11746.0,19
11747.0,19
11748.0,18
11749.0,21
11750.0,16
11751.0,17
11752.0,17
11753.0,15
11754.0,18
11755.0,13
11756.0,15
11757.0,17
11758.0,12
11759.0,16
11760.0,17
11761.0,16
11762.0,22
11763.0,24
11764.0,19
11765.0,17
11766.0,14
11767.0,15
11768.0,17
11769.0,17
11770.0,22
11771.0,18
11772.0,16
11773.0,20
11774.0,20
11775.0,15
11776.0,20
11777.0,14
11778.0,15
11779.0,14
11780.0,17
11781.0,14
11782.0,19
11783.0,13
11784.0,18
11785.0,17
11786.0,17
11787.0,18
11788.0,15
11789.0,16
11790.0,23
11791.0,21
11792.0,16
11793.0,13
11794.0,18
11795.0,19
11796.0,12
11797.0,18
11798.0,13
11799.0,19
11800.0,17
11801.0,17
11802.0,10
11803.0,13
11804.0,14
11805.0,13
11806.0,26
11807.0,19
11808.0,15
11809.0,20
11810.0,22
11811.0,13
11812.0,16
11813.0,17
11814.0,17
11815.0,16
11816.0,18
11817.0,18
11818.0,16
11819.0,18
11820.0,17
11821.0,13
11822.0,11
11823.0,16
11824.0,19
11825.0,22
11826.0,17
11827.0,17
11828.0,12
11829.0,19
11830.0,10
11831.0,20
11832.0,16
11833.0,13
11834.0,21
11835.0,17
11836.0,17
11837.0,16
11838.0,22
11839.0,17
11840.0,26
11841.0,19
11842.0,22
11843.0,23
11844.0,21
11845.0,19
11846.0,20
11847.0,35
11848.0,25
11849.0,27
11850.0,24
11851.0,24
11852.0,29
11853.0,22
11854.0,25
11855.0,23
11856.0,25
11857.0,31
11858.0,26
11859.0,22
11860.0,28
11861.0,25
11862.0,18
11863.0,16
11864.0,16
11865.0,17
11866.0,16
11867.0,14
11868.0,14
11869.0,21
11870.0,13
11871.0,14
11872.0,21
11873.0,17
11874.0,18
11875.0,13
11876.0,15
11877.0,15
11878.0,16
11879.0,19
11880.0,15
11881.0,18
11882.0,11
11883.0,17
11884.0,17
11885.0,17
11886.0,18
11887.0,17
11888.0,16
11889.0,18
11890.0,12
11891.0,17
11892.0,21
11893.0,11
11894.0,18
11895.0,18
11896.0,15
11897.0,16
11898.0,12
11899.0,25
11900.0,15
11901.0,15
11902.0,15
11903.0,12
11904.0,12
11905.0,23
11906.0,19
11907.0,12
11908.0,19
11909.0,16
11910.0,16
11911.0,15
11912.0,17
11913.0,17
11914.0,18
11915.0,16
11916.0,19
11917.0,15
11918.0,17
11919.0,15
11920.0,22
11921.0,14
11922.0,23
11923.0,11
11924.0,17
11925.0,16
11926.0,18
11927.0,16
11928.0,16
11929.0,15
11930.0,14
11931.0,19
11932.0,16
11933.0,13
11934.0,15
11935.0,20
11936.0,20
11937.0,12
11938.0,17
11939.0,15
11940.0,18
11941.0,15
11942.0,14
11943.0,18
11944.0,19
11945.0,18
11946.0,19
11947.0,15
11948.0,18
11949.0,17
11950.0,15
11951.0,19
11952.0,15
11953.0,18
11954.0,21
11955.0,16
11956.0,18
11957.0,14
11958.0,14
11959.0,11
11960.0,22
11961.0,12
11962.0,17
11963.0,16
11964.0,19
11965.0,17
11966.0,11
11967.0,14
11968.0,19
11969.0,14
11970.0,19
11971.0,12
11972.0,17
11973.0,10
11974.0,19
11975.0,14
11976.0,16
11977.0,18
11978.0,20
11979.0,16
11980.0,15
11981.0,19
11982.0,13
11983.0,21
11984.0,17
11985.0,12
11986.0,14
11987.0,15
11988.0,25
11989.0,15
11990.0,16
11991.0,18
11992.0,15
11993.0,12
11994.0,13
11995.0,14
11996.0,16
11997.0,17
11998.0,19
11999.0,13
12000.0,14
12001.0,20
